$coord
   -9.69340859444795     -0.68663733379994     -0.95183271564888      cl
    7.47862662176091     -4.83430138668326      0.18415609133344      o
    3.71478057250502     -3.60681152763940     -0.91954768636222      o
    2.63714896038322      1.71139587352390      0.23262314505609      n
    6.51106043923676      3.00206330151797     -1.13176923342667      n
    6.37257443284503     -0.87383113630081      0.94598223583155      n
    5.80899976668715     -3.27769617888640     -0.03844426485183      n
   -6.04425810802927      0.98442096498025      1.96900054568177      n
    2.22665781018205      4.37303275273388     -0.45021290250697      c
    1.07890744458297      0.58874532934075      2.19516472149233      c
    4.73554509529285      5.03931265625937     -1.79678300884073      c
    5.18504713450379      1.30829954408472     -0.04953707462615      c
   -1.61065957947515      0.22446844455325      1.32302818323442      c
   -2.17005006323755     -1.16909729731457     -0.84811686588731      c
   -3.62488720253036      1.25943609212217      2.64565834443220      c
   -4.66063909662711     -1.47000273134617     -1.57541454711354      c
   -6.51190197051843     -0.34120612559665     -0.07357379892312      c
    1.94413023502192      5.49229270392940      1.27168764320688      h
    0.56140082510176      4.59107235772267     -1.63797681933519      h
    1.10091684141930      1.77955789817250      3.89389729582822      h
    1.89192621402133     -1.22728240156354      2.70957174083868      h
    4.51144471984443      5.06044762385421     -3.84924638069867      h
    5.48230944980072      6.87282366425167     -1.23515808265219      h
    8.27467670800547     -0.69196092501786      1.03431833573279      h
   -0.65534625871098     -1.99852613738592     -1.94101879565796      h
   -3.29323879842988      2.37194449720227      4.33577366758980      h
   -5.17861195745630     -2.53597654789498     -3.23600246121121      h
$redundant
     number_of_atoms            27
     degrees_of_freedom         75
     internal_coordinates       75
     frozen_coordinates          0
# definitions of redundant internals
   1 k  1.0000000000000 stre   17    1           val=   3.31659
   2 k  0.7071070343681 bend    8    1   17      val=  -0.83043
       -0.7071065280049 bend   16    1   17
   3 k  1.0000000000000 outp    1   16    8   17 val=  -0.21533
   4 k  1.0000000000000 tors    2    7    6   12 val=  61.28381
        1.0000000000000 tors    3    7    6   12
   5 k  1.0000000000000 stre    7    2           val=   2.31168
   6 k  1.0000000000000 stre    7    3           val=   2.31232
   7 k  0.8163529034908 bend    3    2    7      val=   5.81795
       -0.3889519335101 bend    6    2    7
       -0.4269476904504 bend    6    3    7
   8 k -0.0193486648733 bend    3    2    7      val=  -0.96766
        0.7204021305361 bend    6    2    7
       -0.6932866647258 bend    6    3    7
   9 k  1.0000000000000 outp    3    2    6    7 val=   2.75216
  10 k  1.0000000000000 stre    9   19           val=   2.07407
  11 k  1.0000000000000 stre    9   18           val=   2.09107
  12 k  0.0587103603751 bend   18   19    9      val=   1.40212
        0.5102817167414 bend    4   19    9
        0.4835695416630 bend    4   18    9
       -0.5160672685195 bend   11   19    9
       -0.4857990694543 bend   11   18    9
  13 k  0.0487512535915 bend   18   19    9      val=   0.37707
       -0.5049319689136 bend    4   19    9
        0.4882125246601 bend    4   18    9
       -0.5056461051867 bend   11   19    9
        0.4986357078237 bend   11   18    9
  14 k -0.8734906133691 bend   18   19    9      val=   7.00791
        0.2432956993110 bend    4   19    9
        0.2914042460498 bend    4   18    9
        0.1895641120786 bend   11   19    9
        0.2386846535680 bend   11   18    9
  15 k -0.0011077627338 bend   18   19    9      val=   0.19059
        0.4887116307261 bend    4   19    9
       -0.5165164166491 bend    4   18    9
       -0.4824050703703 bend   11   19    9
        0.5115230730552 bend   11   18    9
  16 k  1.0000000000000 stre   10   21           val=   2.07425
  17 k  1.0000000000000 stre   10   20           val=   2.09366
  18 k -0.0039693108379 bend   20   21   10      val=   0.11051
        0.4929202193375 bend    4   21   10
        0.5112770347384 bend    4   20   10
       -0.5060875459802 bend   13   21   10
       -0.4893721400862 bend   13   20   10
  19 k -0.0127990622494 bend   20   21   10      val=   0.40820
        0.5282294774887 bend    4   21   10
       -0.4972466962244 bend    4   20   10
        0.4846467707278 bend   13   21   10
       -0.4885417421619 bend   13   20   10
  20 k  0.9033210609647 bend   20   21   10      val=   1.92238
       -0.2092335467140 bend    4   21   10
       -0.2133619500827 bend    4   20   10
       -0.2014903896491 bend   13   21   10
       -0.2326170348083 bend   13   20   10
  21 k -0.0107770616330 bend   20   21   10      val=   1.22340
       -0.4821459006020 bend    4   21   10
        0.4915260900551 bend    4   20   10
        0.5178646447020 bend   13   21   10
       -0.5075800410162 bend   13   20   10
  22 k  1.0000000000000 stre   11   23           val=   2.07463
  23 k  1.0000000000000 stre   11   22           val=   2.08213
  24 k  0.0527340550230 bend   22   23   11      val=   1.26773
        0.5128998094113 bend    5   23   11
        0.4833699145575 bend    5   22   11
       -0.5104201222379 bend    9   23   11
       -0.4898752182567 bend    9   22   11
  25 k  0.0417599683929 bend   22   23   11      val=   0.79965
       -0.4974062147521 bend    5   23   11
        0.4953493304383 bend    5   22   11
       -0.5058699570288 bend    9   23   11
        0.4995676030086 bend    9   22   11
  26 k -0.8853584340097 bend   22   23   11      val=   3.87013
        0.2336235907167 bend    5   23   11
        0.2751038383352 bend    5   22   11
        0.1883165807213 bend    9   23   11
        0.2245333043161 bend    9   22   11
  27 k -0.0030935978055 bend   22   23   11      val=   0.49427
        0.4918794196686 bend    5   23   11
       -0.5139322007066 bend    5   22   11
       -0.4828514835652 bend    9   23   11
        0.5106595774632 bend    9   22   11
  28 k  1.0000000000000 stre    6   24           val=   1.92939
  29 k  0.7205067897669 bend   12   24    6      val=   4.19337
       -0.6934478826125 bend    7   24    6
  30 k  0.6934478826125 bend   12   24    6      val= 109.52696
        0.7205067897669 bend    7   24    6
  31 k  1.0000000000000 stre   14   25           val=   2.06140
  32 k  0.7071067841314 bend   16   25   14      val=   0.34012
       -0.7071067782417 bend   13   25   14
  33 k  1.0000000000000 outp   25   13   16   14 val=   0.04205
  34 k  1.0000000000000 stre   15   26           val=   2.06901
  35 k -0.7071067811519 bend    8   26   15      val=   2.24588
        0.7071067812212 bend   13   26   15
  36 k  1.0000000000000 outp   26   13    8   15 val=   0.00417
  37 k  1.0000000000000 stre   16   27           val=   2.05704
  38 k  0.7071068883879 bend   14   27   16      val=   0.60241
       -0.7071066739852 bend   17   27   16
  39 k  1.0000000000000 outp   27   17   14   16 val=  -0.21985
  40 k  1.0000000000000 tors    7    6   12    4 val= 155.58292
        1.0000000000000 tors    7    6   12    5
  41 k  1.0000000000000 stre    6    7           val=   2.69881
  42 k  1.0000000000000 bend   12    7    6      val= 120.63106
  43 k  1.0000000000000 stre   12    6           val=   2.67749
  44 k  0.7071611694742 bend    5    6   12      val=  -1.11941
       -0.7070523887152 bend    4    6   12
  45 k  1.0000000000000 outp    6    4    5   12 val=  -3.27268
  46 k  1.0000000000000 stre    4   12           val=   2.61017
  47 k  1.0000000000000 stre   12    5           val=   2.43272
  48 k  1.0000000000000 stre    5   11           val=   2.78456
  49 k  1.0000000000000 stre   11    9           val=   2.92793
  50 k  1.0000000000000 stre    9    4           val=   2.78554
  51 k -0.8090169943749 bend    4    5   12      val=  -2.46222
        0.3090169943749 bend   12   11    5
        0.3090169943750 bend    5    9   11
       -0.8090169943750 bend   11    4    9
        1.0000000000000 bend    9   12    4
  52 k  0.5877852522925 bend    4    5   12      val=   3.42441
       -0.9510565162952 bend   12   11    5
        0.9510565162952 bend    5    9   11
       -0.5877852522925 bend   11    4    9
  53 k -0.8090169943749 tors    5   11    9    4 val=   7.19221
        0.3090169943749 tors   11    9    4   12
        0.3090169943750 tors    9    4   12    5
       -0.8090169943750 tors    4   12    5   11
        1.0000000000000 tors   12    5   11    9
  54 k  0.5877852522925 tors    5   11    9    4 val= -10.78906
       -0.9510565162952 tors   11    9    4   12
        0.9510565162952 tors    9    4   12    5
       -0.5877852522925 tors    4   12    5   11
  55 k  1.0000000000000 tors   12    4   10   13 val= 139.89277
        1.0000000000000 tors    9    4   10   13
  56 k  0.7398859802102 bend   10   12    4      val=   8.49567
       -0.6727322916944 bend   10    9    4
  57 k  0.6727322916944 bend   10   12    4      val= 121.34694
        0.7398859802102 bend   10    9    4
  58 k  1.0000000000000 stre   13   15           val=   2.63815
  59 k  1.0000000000000 stre   15    8           val=   2.53853
  60 k  1.0000000000000 stre    8   17           val=   2.49601
  61 k  1.0000000000000 stre   17   16           val=   2.64736
  62 k  1.0000000000000 stre   16   14           val=   2.62539
  63 k  1.0000000000000 stre   14   13           val=   2.65129
  64 k -0.5000000000000 bend   13    8   15      val=   0.68976
       -0.5000000000000 bend   15   17    8
        1.0000000000000 bend    8   16   17
       -0.5000000000000 bend   17   14   16
       -0.5000000000000 bend   16   13   14
        1.0000000000000 bend   14   15   13
  65 k  0.8660254037844 bend   13    8   15      val=   1.24639
       -0.8660254037844 bend   15   17    8
        0.8660254037844 bend   17   14   16
       -0.8660254037844 bend   16   13   14
  66 k -1.0000000000000 bend   13    8   15      val=  -2.76021
        1.0000000000000 bend   15   17    8
       -1.0000000000000 bend    8   16   17
        1.0000000000000 bend   17   14   16
       -1.0000000000000 bend   16   13   14
        1.0000000000000 bend   14   15   13
  67 k -0.5000000000000 tors   15    8   17   16 val=  -0.04326
       -0.5000000000000 tors    8   17   16   14
        1.0000000000000 tors   17   16   14   13
       -0.5000000000000 tors   16   14   13   15
       -0.5000000000000 tors   14   13   15    8
        1.0000000000000 tors   13   15    8   17
  68 k  0.8660254037844 tors   15    8   17   16 val=  -0.27262
       -0.8660254037844 tors    8   17   16   14
        0.8660254037844 tors   16   14   13   15
       -0.8660254037844 tors   14   13   15    8
  69 k -1.0000000000000 tors   15    8   17   16 val=  -0.06714
        1.0000000000000 tors    8   17   16   14
       -1.0000000000000 tors   17   16   14   13
        1.0000000000000 tors   16   14   13   15
       -1.0000000000000 tors   14   13   15    8
        1.0000000000000 tors   13   15    8   17
  70 k  1.0000000000000 tors   15   13   10    4 val= 145.76787
        1.0000000000000 tors   14   13   10    4
  71 k  0.7079124705027 bend   10   15   13      val=  -0.27081
       -0.7063001728067 bend   10   14   13
  72 k  1.0000000000000 outp   14   15   10   13 val=  -0.58567
  73 k  1.0000000000000 stre   10    4           val=   2.75307
  74 k  1.0000000000000 stre   10   13           val=   2.85582
  75 k  1.0000000000000 bend   13    4   10      val= 112.43313
        75 non zero eigenvalues  of BmBt
           1          10.611952913    1    0
         1
           2           5.880251912    2    0
         2
           3           5.401665081    3    0
         3
           4           5.191897469    4    0
         4
           5           5.138301096    5    0
         5
           6           4.878675654    6    0
         6
           7           4.352778103    7    0
         7
           8           4.250209761    8    0
         8
           9           4.104579214    9    0
         9
          10           3.921482227   10    0
        10
          11           3.732111091   11    0
        11
          12           3.614305007   12    0
        12
          13           3.584627233   13    0
        13
          14           3.453175179   14    0
        14
          15           3.299536852   15    0
        15
          16           3.140522968   16    0
        16
          17           3.071742581   17    0
        17
          18           3.011203477   18    0
        18
          19           2.903033592   19    0
        19
          20           2.772711193   20    0
        20
          21           2.691091805   21    0
        21
          22           2.655522841   22    0
        22
          23           2.498696133   23    0
        23
          24           2.161198559   24    0
        24
          25           2.120166841   25    0
        25
          26           2.056232523   26    0
        26
          27           1.764216091   27    0
        27
          28           1.729466184   28    0
        28
          29           1.581868115   29    0
        29
          30           1.406952164   30    0
        30
          31           1.299608007   31    0
        31
          32           1.264920410   32    0
        32
          33           1.158456814   33    0
        33
          34           1.030602528   34    0
        34
          35           0.973160638   35    0
        35
          36           0.900697788   36    0
        36
          37           0.861551366   37    0
        37
          38           0.845035656   38    0
        38
          39           0.765129394   39    0
        39
          40           0.755784926   40    0
        40
          41           0.713456538   41    0
        41
          42           0.699588052   42    0
        42
          43           0.670601643   43    0
        43
          44           0.613220668   44    0
        44
          45           0.551547999   45    0
        45
          46           0.518235550   46    0
        46
          47           0.432324770   47    0
        47
          48           0.393328141   48    0
        48
          49           0.385208833   49    0
        49
          50           0.350600867   50    0
        50
          51           0.339221484   51    0
        51
          52           0.326856101   52    0
        52
          53           0.293024764   53    0
        53
          54           0.276348548   54    0
        54
          55           0.270978545   55    0
        55
          56           0.256960169   56    0
        56
          57           0.238872519   57    0
        57
          58           0.219695354   58    0
        58
          59           0.206710547   59    0
        59
          60           0.185826519   60    0
        60
          61           0.171395623   61    0
        61
          62           0.160586573   62    0
        62
          63           0.135001781   63    0
        63
          64           0.105164605   64    0
        64
          65           0.101931245   65    0
        65
          66           0.094982459   66    0
        66
          67           0.072946437   67    0
        67
          68           0.059704580   68    0
        68
          69           0.044339805   69    0
        69
          70           0.036645520   70    0
        70
          71           0.032199076   71    0
        71
          72           0.020461114   72    0
        72
          73           0.007449883   73    0
        73
          74           0.006367516   74    0
        74
          75           0.002984479   75    0
        75
$user-defined bonds
$end
