$coord
    8.08494458071446     -1.64069088272559     -1.79313469910604      cl
    3.68702292188363     -1.37029844900538      1.81168574446420      s
   -7.69775792484794     -3.48826323238562     -2.14259912048805      o
   -4.98253703868650     -3.90710065200250      0.91075105281652      o
   -2.70723250375195      0.44427400402429      2.45495094569087      n
   -5.89034976905505     -0.06892004264645     -0.65306470483307      n
    4.86854402124258      2.20556315071260     -1.27432368401589      n
   -3.49383462827063      3.66006173653078     -0.39809578204915      n
   -6.18302646683509     -2.66463764728288     -0.62085607014513      n
   -0.45277767997016      1.67809732936305      3.44239277149847      c
    1.84504964984677      1.36368077835396      1.80813164092891      c
   -3.93404941083601      1.44814647239990      0.42545130168195      c
    2.77966008831426      2.99245641788808      0.05141155929219      c
    5.53503921888734     -0.01928770544541     -0.56094565197739      c
   -4.89555251969503      4.72144764269872     -2.49292300076273      c
   -0.12586829248406      0.92123705038630      5.32949967042228      h
   -0.84422506147920      3.68834593270085      3.63286913449601      h
   -2.90097163364131     -1.43284966463688      2.70663688392433      h
    1.95389205406115      4.81189689104862     -0.35567661200882      h
   -6.84574100491767      0.65367060450049     -2.13348964046033      h
   -4.77463257595231      3.57324774699170     -4.21817967426148      h
   -4.11005175376995      6.56639524321342     -2.94976698905817      h
   -6.90168037656678      5.01138447614567     -2.04993754277400      h
$redundant
     number_of_atoms            23
     degrees_of_freedom         63
     internal_coordinates       63
     frozen_coordinates          0
# definitions of redundant internals
   1 k  1.0000000000000 stre   14    1           val=   3.25551
   2 k  0.7071094849977 bend    7    1   14      val=   1.98320
       -0.7071040773650 bend    2    1   14
   3 k  1.0000000000000 outp    1    2    7   14 val=  -0.24084
   4 k  1.0000000000000 tors    3    9    6   12 val= 106.92826
        1.0000000000000 tors    4    9    6   12
   5 k  1.0000000000000 stre    9    3           val=   2.31814
   6 k  1.0000000000000 stre    9    4           val=   2.33008
   7 k  0.8160391178583 bend    4    3    9      val=   4.79751
       -0.3829362301364 bend    6    3    9
       -0.4329434163653 bend    6    4    9
   8 k -0.0278721382805 bend    4    3    9      val=  -1.79075
        0.7220989967199 bend    6    3    9
       -0.6912280252158 bend    6    4    9
   9 k  1.0000000000000 outp    4    3    6    9 val=  -1.33925
  10 k  1.0000000000000 stre   10   17           val=   2.07512
  11 k  1.0000000000000 stre   10   16           val=   2.07614
  12 k  0.0384219294487 bend   16   17   10      val=   0.83650
        0.5009183538459 bend    5   17   10
        0.4963772404867 bend    5   16   10
       -0.4847231815669 bend   11   17   10
       -0.5160015799358 bend   11   16   10
  13 k  0.0280867201544 bend   16   17   10      val=   0.95604
        0.4863086673970 bend    5   17   10
       -0.5046162901907 bend    5   16   10
        0.5138789799364 bend   11   17   10
       -0.4939694421917 bend   11   16   10
  14 k  0.9071162183191 bend   16   17   10      val=   4.13223
       -0.2313652114001 bend    5   17   10
       -0.2218898420891 bend    5   16   10
       -0.2126505366075 bend   11   17   10
       -0.1707482142644 bend   11   16   10
  15 k -0.0123449408254 bend   16   17   10      val=   1.15031
        0.5163934117429 bend    5   17   10
       -0.4924079950035 bend    5   16   10
       -0.4970507520617 bend   11   17   10
        0.4936196542644 bend   11   16   10
  16 k  1.0000000000000 stre    5   18           val=   1.92385
  17 k  0.7072962414339 bend   12   18    5      val=  -2.12942
       -0.7069172701622 bend   10   18    5
  18 k  1.0000000000000 outp   18   10   12    5 val= -20.60494
  19 k  1.0000000000000 stre   13   19           val=   2.05728
  20 k  0.7071082782720 bend   11   19   13      val=   2.00979
       -0.7071052840980 bend    7   19   13
  21 k  1.0000000000000 outp   19    7   11   13 val=   0.54288
  22 k  1.0000000000000 stre    6   20           val=   1.92173
  23 k -0.7036714564945 bend    9   20    6      val=   4.37539
        0.7105254965973 bend   12   20    6
  24 k  1.0000000000000 outp   20   12    9    6 val=  23.13066
  25 k  1.0000000000000 tors   22   15    8   12 val=  63.47505
        1.0000000000000 tors   23   15    8   12
        1.0000000000000 tors   21   15    8   12
  26 k  1.0000000000000 stre   15   22           val=   2.07284
  27 k  1.0000000000000 stre   15   23           val=   2.09131
  28 k  1.0000000000000 stre   15   21           val=   2.09397
  29 k  0.3982517118671 bend   23   22   15      val=   1.85046
        0.3975606168688 bend   21   22   15
        0.4715738287106 bend   21   23   15
       -0.4084475221564 bend    8   22   15
       -0.3839149607561 bend    8   23   15
       -0.3830655016274 bend    8   21   15
  30 k  0.4539989036199 bend   23   22   15      val=   2.20698
        0.2817200440829 bend   21   22   15
       -0.6256838904333 bend   21   23   15
        0.4476415104696 bend    8   22   15
       -0.1860372479994 bend    8   23   15
       -0.2967249601693 bend    8   21   15
  31 k -0.5642485205253 bend   23   22   15      val=   0.23884
        0.6771528400622 bend   21   22   15
       -0.0974580325996 bend   21   23   15
        0.0559268697739 bend    8   22   15
       -0.3542086394146 bend    8   23   15
        0.2915441564565 bend    8   21   15
  32 k -0.2643488044967 bend   23   22   15      val=  -0.91188
       -0.2126485110858 bend   21   22   15
        0.4560317183677 bend   21   23   15
        0.6780292421875 bend    8   22   15
       -0.2984671084885 bend    8   23   15
       -0.3579512872248 bend    8   21   15
  33 k  0.3184677707345 bend   23   22   15      val=   0.27335
       -0.3346529492903 bend   21   22   15
        0.0164108420146 bend   21   23   15
        0.0433366229903 bend    8   22   15
       -0.6463394104718 bend    8   23   15
        0.6055441110092 bend    8   21   15
  34 k  1.0000000000000 tors    9    6   12    5 val=  67.77061
        1.0000000000000 tors    9    6   12    8
  35 k  1.0000000000000 stre    6    9           val=   2.64006
  36 k  1.0000000000000 bend   12    9    6      val= 129.55605
  37 k  1.0000000000000 tors   15    8   12    5 val=  91.63243
        1.0000000000000 tors   15    8   12    6
  38 k  1.0000000000000 stre    8   15           val=   2.73650
  39 k  1.0000000000000 bend   12   15    8      val= 120.88250
  40 k  1.0000000000000 tors    8   12    5   10 val=  80.93956
        1.0000000000000 tors    6   12    5   10
  41 k  1.0000000000000 stre   12    8           val=   2.42527
  42 k  1.0000000000000 stre   12    6           val=   2.69898
  43 k  0.6220037007858 bend    6    8   12      val=  -1.48386
       -0.7688067720933 bend    5    8   12
        0.1484841519901 bend    5    6   12
  44 k -0.5288768365253 bend    6    8   12      val=  -2.66026
       -0.2726637052732 bend    5    8   12
        0.8037062869069 bend    5    6   12
  45 k  1.0000000000000 outp    8    5    6   12 val=  -3.34404
  46 k  1.0000000000000 tors   12    5   10   11 val= -79.86579
  47 k  1.0000000000000 stre    5   12           val=   2.58133
  48 k  1.0000000000000 bend   10   12    5      val= 120.18868
  49 k  1.0000000000000 tors    5   10   11    2 val=   8.24374
        1.0000000000000 tors    5   10   11   13
  50 k  1.0000000000000 stre   10    5           val=   2.75473
  51 k  1.0000000000000 bend   11    5   10      val= 114.68552
  52 k  1.0000000000000 stre   11   10           val=   2.84230
  53 k  0.7071675901810 bend   13   10   11      val=   2.69261
       -0.7070459669623 bend    2   10   11
  54 k  1.0000000000000 outp   10    2   13   11 val=  -1.25583
  55 k  1.0000000000000 stre    2   11           val=   3.29897
  56 k  1.0000000000000 stre   11   13           val=   2.59491
  57 k  1.0000000000000 stre   13    7           val=   2.59664
  58 k  1.0000000000000 stre    7   14           val=   2.45197
  59 k  1.0000000000000 stre   14    2           val=   3.30434
  60 k -0.8090169943749 bend    2   13   11      val=  -6.99678
        0.3090169943749 bend   11    7   13
        0.3090169943750 bend   13   14    7
       -0.8090169943750 bend    7    2   14
        1.0000000000000 bend   14   11    2
  61 k  0.5877852522925 bend    2   13   11      val=  -3.52212
       -0.9510565162952 bend   11    7   13
        0.9510565162952 bend   13   14    7
       -0.5877852522925 bend    7    2   14
  62 k -0.8090169943749 tors   13    7   14    2 val=   0.11281
        0.3090169943749 tors    7   14    2   11
        0.3090169943750 tors   14    2   11   13
       -0.8090169943750 tors    2   11   13    7
        1.0000000000000 tors   11   13    7   14
  63 k  0.5877852522925 tors   13    7   14    2 val=  -0.10309
       -0.9510565162952 tors    7   14    2   11
        0.9510565162952 tors   14    2   11   13
       -0.5877852522925 tors    2   11   13    7
        63 non zero eigenvalues  of BmBt
           1           8.143053240    1    0
         1
           2           6.181545400    2    0
         2
           3           5.759103840    3    0
         3
           4           5.072876271    4    0
         4
           5           4.542989862    5    0
         5
           6           4.424235747    6    0
         6
           7           3.985371178    7    0
         7
           8           3.808760191    8    0
         8
           9           3.597696227    9    0
         9
          10           3.547285010   10    0
        10
          11           3.445908810   11    0
        11
          12           3.414703210   12    0
        12
          13           3.227161797   13    0
        13
          14           3.116386399   14    0
        14
          15           2.885448742   15    0
        15
          16           2.868883746   16    0
        16
          17           2.796305893   17    0
        17
          18           2.709710088   18    0
        18
          19           2.434728665   19    0
        19
          20           2.301542092   20    0
        20
          21           2.225424966   21    0
        21
          22           2.058615181   22    0
        22
          23           1.821521101   23    0
        23
          24           1.628403788   24    0
        24
          25           1.362371441   25    0
        25
          26           1.288268602   26    0
        26
          27           1.191196313   27    0
        27
          28           1.049532876   28    0
        28
          29           0.924639315   29    0
        29
          30           0.866449368   30    0
        30
          31           0.816631193   31    0
        31
          32           0.791986147   32    0
        32
          33           0.780081794   33    0
        33
          34           0.745925215   34    0
        34
          35           0.695944753   35    0
        35
          36           0.673962114   36    0
        36
          37           0.669038789   37    0
        37
          38           0.549480710   38    0
        38
          39           0.533614940   39    0
        39
          40           0.503532430   40    0
        40
          41           0.468280115   41    0
        41
          42           0.361169818   42    0
        42
          43           0.343418078   43    0
        43
          44           0.333429145   44    0
        44
          45           0.282839732   45    0
        45
          46           0.271946426   46    0
        46
          47           0.253481967   47    0
        47
          48           0.243702320   48    0
        48
          49           0.191220458   49    0
        49
          50           0.181927497   50    0
        50
          51           0.164048771   51    0
        51
          52           0.160244663   52    0
        52
          53           0.113553116   53    0
        53
          54           0.110714709   54    0
        54
          55           0.085124202   55    0
        55
          56           0.077269880   56    0
        56
          57           0.072128748   57    0
        57
          58           0.068201868   58    0
        58
          59           0.036652068   59    0
        59
          60           0.015756612   60    0
        60
          61           0.010821323   61    0
        61
          62           0.006407599   62    0
        62
          63           0.004916118   63    0
        63
$user-defined bonds
$end
